2 0.6546153846153846 0.48607888631090485 0.05076923076923077 0.0765661252900232
1 0.7492307692307693 0.8132250580046404 0.10461538461538461 0.2529002320185615
1 0.6030769230769231 0.8120649651972158 0.11692307692307692 0.23201856148491878
1 0.553076923076923 0.7888631090487239 0.06 0.26450116009280744
1 0.4469230769230769 0.7088167053364269 0.047692307692307694 0.23897911832946636
1 0.3523076923076923 0.7633410672853829 0.07076923076923076 0.24129930394431554
1 0.22923076923076924 0.8410672853828306 0.08 0.28074245939675174
1 0.03076923076923077 0.722737819025522 0.043076923076923075 0.2111368909512761
0 0.49615384615384617 0.43271461716937354 0.021538461538461538 0.03480278422273782
1 0.24615384615384617 0.722737819025522 0.043076923076923075 0.1925754060324826
1 0.17076923076923076 0.7865429234338747 0.11076923076923077 0.2296983758700696