2 0.5640625 0.13849765258215962 0.08125 0.11737089201877934
1 0.59375 0.5985915492957746 0.075 0.39436619718309857
1 0.47265625 0.6467136150234741 0.0734375 0.33098591549295775
1 0.22421875 0.6255868544600939 0.0546875 0.4154929577464789
0 0.50546875 0.5868544600938967 0.0328125 0.051643192488262914
1 0.4 0.5269953051643192 0.09375 0.5258215962441315
1 0.53125 0.5446009389671361 0.034375 0.18309859154929578
1 0.96796875 0.5715962441314554 0.0609375 0.22769953051643194
1 0.13515625 0.5375586854460094 0.0390625 0.18309859154929578
1 0.2734375 0.5762910798122066 0.0625 0.2863849765258216
1 0.325 0.5293427230046949 0.028125 0.14788732394366197