2 0.2259375 0.28833333333333333 0.044375 0.06
1 0.6546875 0.6245833333333334 0.183125 0.45416666666666666
1 0.4603125 0.5841666666666666 0.090625 0.30666666666666664
1 0.366875 0.53625 0.06875 0.19416666666666665
1 0.1965625 0.5520833333333334 0.069375 0.22083333333333333
1 0.7996875 0.5204166666666666 0.075625 0.22083333333333333
0 0.384375 0.08666666666666667 0.02125 0.03166666666666667
1 0.9078125 0.52 0.086875 0.21666666666666667
1 0.9025 0.4866666666666667 0.0375 0.135
1 0.965625 0.4866666666666667 0.036875 0.13916666666666666
1 0.74625 0.4841666666666667 0.034375 0.13083333333333333
1 0.6028125 0.48541666666666666 0.0275 0.12416666666666666
1 0.5178125 0.5266666666666666 0.079375 0.1875
1 0.1740625 0.5 0.0325 0.24583333333333332