1 0.6699174793698425 0.66775 0.10352588147036759 0.5085
1 0.20048762190547637 0.70175 0.10990247561890473 0.5965
1 0.5230682670667667 0.66225 0.1024006001500375 0.4915
0 0.45480120030007504 0.81575 0.06789197299324831 0.0915
1 0.43623405851462865 0.74075 0.1751687921980495 0.483
0 0.37884471117779445 0.4935 0.02213053263315829 0.0305
1 0.4030382595648912 0.5105 0.06339084771192798 0.2185
2 0.42179294823705926 0.228 0.056639159789947484 0.0935
2 0.4347336834208552 0.35175 0.023630907726931733 0.0295
1 0.558702175543886 0.5385 0.05138784696174044 0.2985
1 0.6918604651162791 0.43875 0.04576144036009002 0.1515
2 0.8340210052513128 0.366 0.01800450112528132 0.0355