2 0.31833333333333336 0.20825 0.08666666666666667 0.1065
1 0.8698333333333333 0.785 0.08966666666666667 0.43
1 0.7675 0.77675 0.103 0.4465
1 0.5588333333333333 0.77075 0.09433333333333334 0.4585
1 0.43983333333333335 0.76 0.103 0.47
1 0.3625 0.78 0.071 0.44
1 0.2743333333333333 0.7615 0.082 0.477
1 0.20866666666666667 0.73175 0.043333333333333335 0.3645
0 0.31683333333333336 0.296 0.044333333333333336 0.065
1 0.04416666666666667 0.78375 0.08833333333333333 0.4325
1 0.6133333333333333 0.728 0.056666666666666664 0.311
1 0.7038333333333333 0.71325 0.05433333333333333 0.2665