2 0.8566468253968254 0.21164021164021163 0.07043650793650794 0.09259259259259259
0 0.5220734126984127 0.3156415343915344 0.03050595238095238 0.04265873015873016
1 0.6320684523809523 0.6319444444444444 0.08407738095238096 0.29298941798941797
1 0.46391369047619047 0.6959325396825397 0.0974702380952381 0.39914021164021163
1 0.2631448412698413 0.6870039682539683 0.09077380952380952 0.4566798941798942
1 0.17075892857142858 0.5279431216931217 0.06522817460317461 0.14583333333333334
1 0.4645337301587302 0.5393518518518519 0.08903769841269842 0.3323412698412698
0 0.65625 0.5658068783068783 0.011656746031746032 0.018518518518518517
2 0.21006944444444445 0.4930555555555556 0.03050595238095238 0.017526455026455025
1 0.025793650793650792 0.5408399470899471 0.043402777777777776 0.13227513227513227
0 0.9032738095238095 0.6359126984126984 0.02703373015873016 0.031746031746031744