1 0.7714120370370371 0.661522633744856 0.08217592592592593 0.31069958847736623
1 0.8738425925925926 0.5895061728395061 0.09490740740740741 0.4012345679012346
1 0.44733796296296297 0.6604938271604939 0.059027777777777776 0.345679012345679
1 0.09606481481481481 0.6399176954732511 0.06481481481481481 0.20164609053497942
1 0.19791666666666666 0.6368312757201646 0.03935185185185185 0.2242798353909465
0 0.7089120370370371 0.20679012345679013 0.02199074074074074 0.0411522633744856
2 0.44502314814814814 0.404320987654321 0.032407407407407406 0.06172839506172839
1 0.3958333333333333 0.6779835390946503 0.04398148148148148 0.2222222222222222
1 0.3559027777777778 0.6563786008230452 0.05555555555555555 0.22839506172839505
1 0.3113425925925926 0.6419753086419753 0.03819444444444445 0.20781893004115226
1 0.29976851851851855 0.6378600823045267 0.02662037037037037 0.205761316872428