2 0.6623076923076923 0.5498575498575499 0.05384615384615385 0.06837606837606838
1 0.033846153846153845 0.8589743589743589 0.04153846153846154 0.2706552706552707
1 0.06923076923076923 0.8646723646723646 0.033846153846153845 0.2706552706552707
1 0.11461538461538462 0.8945868945868946 0.1076923076923077 0.21082621082621084
1 0.4623076923076923 0.9102564102564102 0.08923076923076922 0.1794871794871795
1 0.5092307692307693 0.8632478632478633 0.06307692307692307 0.27350427350427353
1 0.63 0.8774928774928775 0.055384615384615386 0.245014245014245
1 0.6661538461538462 0.8703703703703703 0.06 0.25925925925925924
1 0.6623076923076923 0.7792022792022792 0.06307692307692307 0.36752136752136755
1 0.7053846153846154 0.7948717948717948 0.05692307692307692 0.41025641025641024
0 0.7 0.5854700854700855 0.021538461538461538 0.039886039886039885