1 0.7784986098239111 0.7123002084781098 0.2242817423540315 0.48783877692842254
1 0.39759036144578314 0.5795691452397498 0.08897126969416126 0.14732453092425296
1 0.05838739573679333 0.556636553161918 0.06302131603336422 0.14315496872828354
1 0.15477293790546803 0.5788742182070883 0.08526413345690455 0.15705350938151494
0 0.8378127896200185 0.4527449617790132 0.10658016682113068 0.07713690062543432
2 0.530583873957368 0.4593467685892981 0.03521779425393883 0.021542738012508687
0 0.33086190917516217 0.5813064628214037 0.03151065801668211 0.02501737317581654
0 0.20528266913809082 0.6177901320361362 0.04077849860982391 0.03127171646977067
1 0.023632993512511583 0.5548992355802641 0.037998146431881374 0.1341209173036831
0 0.9893419833178869 0.5753995830437804 0.015755329008341055 0.014593467685892982
1 0.9406858202038925 0.5830437804030577 0.033364226135310475 0.08547602501737317
1 0.9745134383688601 0.5844336344683808 0.03892493049119555 0.08964558721334259