1 0.8515625 0.78125 0.169921875 0.4375
1 0.5322265625 0.5607638888888888 0.09375 0.5069444444444444
0 0.142578125 0.4722222222222222 0.03125 0.052083333333333336
1 0.0673828125 0.5086805555555556 0.06640625 0.5069444444444444
1 0.2724609375 0.5416666666666666 0.0703125 0.2222222222222222
1 0.201171875 0.5451388888888888 0.060546875 0.2048611111111111
1 0.126953125 0.5329861111111112 0.064453125 0.2222222222222222
1 0.3818359375 0.5434027777777778 0.072265625 0.22569444444444445
1 0.759765625 0.5694444444444444 0.08203125 0.21180555555555555
1 0.970703125 0.5347222222222222 0.05078125 0.2916666666666667
0 0.8251953125 0.9739583333333334 0.05859375 0.052083333333333336