1 0.3173828125 0.3888888888888889 0.103515625 0.3923611111111111
0 0.61328125 0.4444444444444444 0.037109375 0.0625
1 0.5712890625 0.4548611111111111 0.126953125 0.4930555555555556
1 0.357421875 0.3854166666666667 0.048828125 0.1840277777777778
1 0.7802734375 0.4114583333333333 0.05078125 0.21180555555555555
1 0.6708984375 0.4097222222222222 0.060546875 0.2013888888888889
1 0.4833984375 0.3940972222222222 0.0625 0.19791666666666666
1 0.4140625 0.390625 0.06640625 0.19791666666666666
1 0.8916015625 0.359375 0.056640625 0.2951388888888889
1 0.71875 0.3871527777777778 0.087890625 0.4652777777777778
1 0.177734375 0.4704861111111111 0.166015625 0.4305555555555556