2 0.326171875 0.2170138888888889 0.0390625 0.0763888888888889
0 0.31640625 0.453125 0.02734375 0.041666666666666664
1 0.3115234375 0.5104166666666666 0.08203125 0.4201388888888889
0 0.2255859375 0.4166666666666667 0.021484375 0.03819444444444445
0 0.5126953125 0.4097222222222222 0.015625 0.020833333333333332
1 0.52734375 0.4444444444444444 0.03125 0.2013888888888889
0 0.8466796875 0.4357638888888889 0.01953125 0.027777777777777776
1 0.6220703125 0.5381944444444444 0.119140625 0.3923611111111111
1 0.8564453125 0.4565972222222222 0.046875 0.2569444444444444
1 0.189453125 0.4756944444444444 0.06640625 0.2951388888888889
1 0.5615234375 0.4809027777777778 0.0703125 0.2673611111111111