0 0.322265625 0.6493055555555556 0.02734375 0.04861111111111111
0 0.142578125 0.4756944444444444 0.017578125 0.034722222222222224
0 0.7060546875 0.5798611111111112 0.017578125 0.034722222222222224
1 0.466796875 0.6475694444444444 0.076171875 0.4479166666666667
1 0.4111328125 0.5729166666666666 0.04296875 0.2534722222222222
0 0.3408203125 0.5381944444444444 0.015625 0.024305555555555556
1 0.3583984375 0.5555555555555556 0.056640625 0.21875
1 0.228515625 0.6111111111111112 0.111328125 0.3506944444444444
1 0.1162109375 0.5833333333333334 0.087890625 0.2465277777777778
2 0.181640625 0.3229166666666667 0.037109375 0.0763888888888889
1 0.7255859375 0.6128472222222222 0.037109375 0.2013888888888889