2 0.5106481481481482 0.35185185185185186 0.33055555555555555 0.25925925925925924
0 0.07777777777777778 0.8629629629629629 0.15555555555555556 0.09876543209876543
0 0.23657407407407408 0.862037037037037 0.14351851851851852 0.09444444444444444
0 0.6185185185185185 0.9472222222222222 0.1388888888888889 0.0882716049382716
0 0.9189814814814815 0.9546296296296296 0.14722222222222223 0.09074074074074075
0 0.7652777777777777 0.9515432098765432 0.1361111111111111 0.0882716049382716
0 0.032407407407407406 0.9469135802469136 0.06481481481481481 0.10617283950617284
0 0.1449074074074074 0.9487654320987654 0.15648148148148147 0.10246913580246914
0 0.30092592592592593 0.95 0.16111111111111112 0.1
0 0.45787037037037037 0.9537037037037037 0.15833333333333333 0.09259259259259259
0 0.38055555555555554 0.8638888888888889 0.1425925925925926 0.10308641975308643
0 0.9490740740740741 0.8719135802469136 0.10185185185185185 0.1117283950617284
0 0.8268518518518518 0.870679012345679 0.1574074074074074 0.10925925925925926
0 0.675 0.8697530864197531 0.1425925925925926 0.1
0 0.5476851851851852 0.8657407407407407 0.11018518518518519 0.09197530864197531
0 0.049074074074074076 0.778395061728395 0.09814814814814815 0.09506172839506173
0 0.9814814814814815 0.7824074074074074 0.037037037037037035 0.07592592592592592
0 0.8898148148148148 0.7901234567901234 0.1425925925925926 0.09876543209876543
0 0.7518518518518519 0.7907407407407407 0.14444444444444443 0.09753086419753086
0 0.5990740740740741 0.7885802469135802 0.13518518518518519 0.10308641975308643
0 0.45694444444444443 0.7824074074074074 0.14722222222222223 0.09567901234567901
0 0.3125 0.7824074074074074 0.1398148148148148 0.09814814814814815
0 0.16018518518518518 0.7808641975308642 0.1537037037037037 0.1
0 0.09027777777777778 0.6984567901234567 0.13240740740740742 0.09320987654320988
0 0.23425925925925925 0.7015432098765432 0.1388888888888889 0.09691358024691359
0 0.9398148148148148 0.7126543209876544 0.12037037037037036 0.09691358024691359
0 0.8703703703703703 0.6354938271604939 0.13703703703703704 0.09074074074074075
0 0.7981481481481482 0.562037037037037 0.13425925925925927 0.09382716049382717
0 0.6458333333333334 0.43549382716049384 0.125 0.0808641975308642
0 0.575 0.3743827160493827 0.10925925925925926 0.07222222222222222
0 0.4351851851851852 0.37376543209876545 0.1 0.06604938271604938
0 0.375 0.4302469135802469 0.10925925925925926 0.07530864197530865
0 0.5120370370370371 0.42901234567901236 0.12037037037037036 0.07777777777777778
0 0.7175925925925926 0.4993827160493827 0.13148148148148148 0.08518518518518518
0 0.8074074074074075 0.7129629629629629 0.14074074074074075 0.1
0 0.6694444444444444 0.7141975308641976 0.15 0.1
0 0.5222222222222223 0.7080246913580247 0.1259259259259259 0.09012345679012346
0 0.38935185185185184 0.7126543209876544 0.1527777777777778 0.09691358024691359
0 0.7347222222222223 0.6342592592592593 0.15185185185185185 0.08888888888888889
0 0.5884259259259259 0.6348765432098765 0.14351851851851852 0.08456790123456791
0 0.45231481481481484 0.6373456790123457 0.13796296296296295 0.08456790123456791
0 0.3101851851851852 0.6320987654320988 0.1388888888888889 0.08641975308641975
0 0.6574074074074074 0.562037037037037 0.13333333333333333 0.08209876543209876
0 0.5171296296296296 0.5601851851851852 0.13055555555555556 0.08271604938271605
0 0.3787037037037037 0.5614197530864198 0.13148148148148148 0.0882716049382716
0 0.23981481481481481 0.5552469135802469 0.1425925925925926 0.09074074074074075
0 0.5824074074074074 0.5003086419753087 0.13148148148148148 0.08950617283950617
0 0.44351851851851853 0.495679012345679 0.14629629629629629 0.09506172839506173
0 0.16435185185185186 0.6274691358024691 0.1361111111111111 0.09197530864197531