2 0.367 0.34880239520958084 0.07 0.12874251497005987
0 0.327 0.11077844311377245 0.038 0.05688622754491018
1 0.054 0.8502994011976048 0.108 0.25449101796407186
1 0.409 0.8218562874251497 0.102 0.31736526946107785
1 0.548 0.8143712574850299 0.172 0.32934131736526945
1 0.464 0.6017964071856288 0.118 0.40119760479041916
1 0.484 0.4491017964071856 0.084 0.2754491017964072
1 0.872 0.3997005988023952 0.146 0.3562874251497006
1 0.961 0.7784431137724551 0.078 0.38922155688622756
1 0.569 0.28892215568862273 0.078 0.3263473053892216
1 0.759 0.2619760479041916 0.084 0.3712574850299401
1 0.658 0.6646706586826348 0.118 0.3652694610778443