2 0.5475694444444444 0.16064814814814815 0.022916666666666665 0.03425925925925926
2 0.6663194444444445 0.27361111111111114 0.03819444444444445 0.05277777777777778
1 0.3958333333333333 0.5634259259259259 0.07013888888888889 0.225
1 0.253125 0.5365740740740741 0.049305555555555554 0.19074074074074074
1 0.259375 0.4699074074074074 0.04722222222222222 0.17222222222222222
1 0.034027777777777775 0.5041666666666667 0.03263888888888889 0.16574074074074074
1 0.35381944444444446 0.26851851851851855 0.025 0.08611111111111111
1 0.13680555555555557 0.3337962962962963 0.029166666666666667 0.09814814814814815
1 0.10729166666666666 0.3 0.027083333333333334 0.07314814814814814
1 0.18541666666666667 0.2861111111111111 0.02638888888888889 0.08148148148148149
1 0.25069444444444444 0.26990740740740743 0.02361111111111111 0.06111111111111111
1 0.23472222222222222 0.24583333333333332 0.018055555555555554 0.044444444444444446
1 0.13576388888888888 0.2625 0.013888888888888888 0.06574074074074074
1 0.16284722222222223 0.25046296296296294 0.02013888888888889 0.053703703703703705
1 0.5076388888888889 0.3143518518518518 0.02361111111111111 0.11481481481481481