0 0.35390625 0.8251173708920188 0.0484375 0.07276995305164319
0 0.2640625 0.8063380281690141 0.04375 0.06807511737089202
0 0.20234375 0.7969483568075117 0.0453125 0.06338028169014084
1 0.49765625 0.5833333333333334 0.0953125 0.3967136150234742
1 0.4109375 0.6220657276995305 0.090625 0.5070422535211268
1 0.06875 0.6443661971830986 0.121875 0.44366197183098594
1 0.8296875 0.6220657276995305 0.09375 0.45539906103286387
1 0.26484375 0.6068075117370892 0.0578125 0.2511737089201878
0 0.47421875 0.36384976525821594 0.0421875 0.06572769953051644
2 0.25703125 0.24178403755868544 0.065625 0.1267605633802817
0 0.23203125 0.5833333333333334 0.01875 0.03051643192488263
1 0.121875 0.6115023474178404 0.078125 0.4413145539906103
1 0.89765625 0.6115023474178404 0.071875 0.45305164319248825