0 0.821875 0.36666666666666664 0.026041666666666668 0.0375
2 0.8052083333333333 0.3680555555555556 0.06145833333333333 0.07222222222222222
2 0.028645833333333332 0.3173611111111111 0.04791666666666667 0.07222222222222222
1 0.10520833333333333 0.6020833333333333 0.06666666666666667 0.2763888888888889
1 0.23541666666666666 0.6479166666666667 0.090625 0.23333333333333334
1 0.3458333333333333 0.6277777777777778 0.053125 0.2263888888888889
1 0.5088541666666667 0.6201388888888889 0.07708333333333334 0.20277777777777778
1 0.6526041666666667 0.6819444444444445 0.08020833333333334 0.22916666666666666
1 0.5125 0.7909722222222222 0.11979166666666667 0.1736111111111111
1 0.5526041666666667 0.7569444444444444 0.071875 0.23472222222222222
1 0.7682291666666666 0.6868055555555556 0.08958333333333333 0.22777777777777777