2 0.617578125 0.22013888888888888 0.04453125 0.07777777777777778
1 0.066796875 0.3819444444444444 0.05 0.2791666666666667
1 0.198046875 0.33958333333333335 0.05390625 0.2375
1 0.3109375 0.28888888888888886 0.04609375 0.21805555555555556
1 0.25859375 0.45625 0.075 0.2513888888888889
1 0.2671875 0.7361111111111112 0.065625 0.2777777777777778
1 0.486328125 0.5520833333333334 0.04453125 0.2763888888888889
1 0.521484375 0.6819444444444445 0.07734375 0.32916666666666666
1 0.55703125 0.4486111111111111 0.0484375 0.2916666666666667
1 0.690625 0.5375 0.03359375 0.25833333333333336
1 0.758984375 0.5277777777777778 0.05625 0.38472222222222224
1 0.7109375 0.5333333333333333 0.07890625 0.33611111111111114
0 0.74609375 0.23472222222222222 0.0234375 0.04722222222222222