0 0.39453125 0.466796875 0.0234375 0.04296875
2 0.61328125 0.310546875 0.05078125 0.0546875
1 0.05859375 0.466796875 0.0390625 0.171875
1 0.509765625 0.896484375 0.09765625 0.20703125
1 0.181640625 0.845703125 0.109375 0.30859375
1 0.158203125 0.552734375 0.08984375 0.1796875
1 0.880859375 0.681640625 0.1171875 0.28125
1 0.580078125 0.400390625 0.03515625 0.109375
1 0.57421875 0.56640625 0.08203125 0.2421875
1 0.416015625 0.56640625 0.0625 0.23046875
1 0.482421875 0.623046875 0.0859375 0.234375
1 0.490234375 0.47265625 0.08203125 0.08984375