2 0.7115869017632241 0.12287334593572778 0.12090680100755667 0.19281663516068054
1 0.809823677581864 0.7381852551984878 0.11838790931989925 0.5236294896030246
1 0.7027707808564232 0.7315689981096408 0.13602015113350127 0.5368620037807184
1 0.5969773299748111 0.6965973534971645 0.10831234256926953 0.6068052930056711
1 0.16120906801007556 0.6228733459357277 0.24433249370277077 0.7542533081285444
1 0.3413098236775819 0.723062381852552 0.13350125944584382 0.553875236294896
1 0.38287153652392947 0.6956521739130435 0.22921914357682618 0.6086956521739131
1 0.5314861460957179 0.7381852551984878 0.11335012594458438 0.5236294896030246
0 0.542191435768262 0.8799621928166351 0.08690176322418136 0.12287334593572778
0 0.2216624685138539 0.7088846880907372 0.10831234256926953 0.17013232514177692
0 0.3243073047858942 0.7504725897920604 0.09193954659949623 0.14744801512287334