2 0.9034045922406968 0.5415360501567398 0.025336500395882817 0.05642633228840126
1 0.8068091844813935 0.7398119122257053 0.03800475059382423 0.2476489028213166
1 0.7612826603325415 0.7390282131661442 0.02929532858273951 0.2304075235109718
1 0.7323832145684878 0.7398119122257053 0.0395882818685669 0.2507836990595611
1 0.6334125098970704 0.7766457680250783 0.06334125098970704 0.3557993730407524
1 0.35629453681710216 0.7711598746081505 0.0791765637371338 0.3448275862068966
1 0.20981789390340458 0.7711598746081505 0.047505938242280284 0.3448275862068966
1 0.1536025336500396 0.7280564263322884 0.03800475059382423 0.2554858934169279
1 0.11203483768804434 0.725705329153605 0.04196357878068092 0.25391849529780564
1 0.05027711797307997 0.7280564263322884 0.034045922406967535 0.24294670846394983
1 0.07323832145684878 0.7217868338557993 0.027711797307996833 0.274294670846395