2 0.47602201257861637 0.18141592920353983 0.04874213836477988 0.11327433628318584
0 0.8286163522012578 0.3787610619469027 0.03773584905660377 0.08495575221238938
1 0.8172169811320755 0.6690265486725664 0.10455974842767296 0.584070796460177
1 0.7464622641509434 0.6407079646017699 0.05738993710691824 0.3327433628318584
1 0.5990566037735849 0.6230088495575221 0.055031446540880505 0.35398230088495575
1 0.5125786163522013 0.6292035398230088 0.05345911949685535 0.31327433628318585
1 0.4630503144654088 0.7035398230088495 0.08490566037735849 0.5929203539823009
1 0.387185534591195 0.6805309734513274 0.09827044025157233 0.536283185840708
1 0.33372641509433965 0.6123893805309735 0.05738993710691824 0.368141592920354
1 0.28773584905660377 0.6761061946902654 0.06918238993710692 0.49557522123893805
1 0.1501572327044025 0.6442477876106195 0.18867924528301888 0.7115044247787611