2 0.7206349206349206 0.08702791461412152 0.044444444444444446 0.09359605911330049
0 0.6261904761904762 0.7397372742200329 0.049206349206349205 0.12643678160919541
1 0.5936507936507937 0.3727422003284072 0.10476190476190476 0.13136288998357964
1 0.45436507936507936 0.3555008210180624 0.051587301587301584 0.2676518883415435
1 0.5535714285714286 0.715927750410509 0.14047619047619048 0.5681444991789819
1 0.9246031746031746 0.26108374384236455 0.047619047619047616 0.1444991789819376
1 0.55 0.31527093596059114 0.023809523809523808 0.12807881773399016
1 0.5146825396825396 0.3275862068965517 0.02619047619047619 0.18555008210180624
1 0.6198412698412699 0.29064039408866993 0.03333333333333333 0.1116584564860427
1 0.5757936507936507 0.27832512315270935 0.027777777777777776 0.11986863711001643
1 0.28253968253968254 0.3637110016420361 0.06984126984126984 0.2742200328407225