2 0.2220486111111111 0.12777777777777777 0.06041666666666667 0.11555555555555555
1 0.12239583333333333 0.5633333333333334 0.08125 0.3827777777777778
1 0.2765625 0.5361111111111111 0.12777777777777777 0.3661111111111111
1 0.4013888888888889 0.7497222222222222 0.1527777777777778 0.40055555555555555
1 0.3921875 0.5658333333333333 0.1267361111111111 0.4088888888888889
1 0.43125 0.37416666666666665 0.06979166666666667 0.23722222222222222
1 0.5484375 0.31222222222222223 0.08784722222222222 0.48944444444444446
1 0.8039930555555556 0.48083333333333333 0.14166666666666666 0.37833333333333335
1 0.6987847222222222 0.37083333333333335 0.06631944444444444 0.4666666666666667
1 0.7616319444444445 0.44166666666666665 0.08611111111111111 0.2788888888888889
0 0.6642361111111111 0.0775 0.03333333333333333 0.059444444444444446