2 0.24036191974822974 0.33146067415730335 0.06058221872541306 0.14606741573033707
1 0.12785208497246262 0.7945425361155698 0.08261211644374508 0.41091492776886035
1 0.25334382376081827 0.7544141252006421 0.05507474429583006 0.30497592295345105
1 0.3217938630999213 0.7439807383627608 0.04878048780487805 0.29373996789727125
0 0.5531077891424075 0.7857142857142857 0.025177025963808025 0.052969502407704656
1 0.5932336742722266 0.7287319422150883 0.03304484657749803 0.20545746388443017
1 0.5668764752163651 0.7584269662921348 0.059008654602675056 0.2808988764044944
1 0.6907946498819827 0.7158908507223114 0.025177025963808025 0.1476725521669342
1 0.6620771046420142 0.7174959871589085 0.021243115656963022 0.16051364365971107
1 0.8453973249409913 0.7608346709470305 0.041699449252557044 0.17335473515248795
1 0.9020456333595595 0.7568218298555377 0.08418568056648308 0.3097913322632424
1 0.7993705743509048 0.7255216693418941 0.040912667191188044 0.2086677367576244