0 0.42626182965299686 0.5007936507936508 0.03943217665615142 0.0761904761904762
2 0.2302839116719243 0.1865079365079365 0.09227129337539432 0.18412698412698414
1 0.1920347003154574 0.7817460317460317 0.07334384858044164 0.4365079365079365
1 0.27641955835962145 0.7761904761904762 0.09069400630914827 0.44761904761904764
1 0.3166403785488959 0.7833333333333333 0.03706624605678233 0.43333333333333335
1 0.40063091482649843 0.7531746031746032 0.0473186119873817 0.32222222222222224
1 0.5240536277602523 0.7484126984126984 0.13170347003154576 0.5031746031746032
1 0.6021293375394322 0.7873015873015873 0.06545741324921135 0.4253968253968254
1 0.6936119873817035 0.7777777777777778 0.1443217665615142 0.4444444444444444
1 0.8580441640378549 0.7992063492063493 0.10410094637223975 0.4015873015873016
1 0.9574132492113565 0.803968253968254 0.083596214511041 0.39206349206349206