0 0.44110671936758894 0.24361022364217252 0.03320158102766799 0.07188498402555911
2 0.46758893280632413 0.33945686900958466 0.06086956521739131 0.13258785942492013
1 0.8794466403162056 0.7276357827476039 0.043478260869565216 0.19968051118210864
1 0.8509881422924901 0.8274760383386581 0.052964426877470355 0.3450479233226837
1 0.7980237154150197 0.8218849840255591 0.07351778656126483 0.3562300319488818
1 0.6936758893280632 0.8234824281150159 0.09090909090909091 0.35303514376996803
1 0.6296442687747036 0.799520766773163 0.07351778656126483 0.4009584664536741
1 0.5652173913043478 0.8130990415335463 0.07114624505928854 0.3738019169329074
1 0.449802371541502 0.8011182108626198 0.08063241106719368 0.3977635782747604
1 0.3885375494071146 0.8154952076677316 0.08932806324110672 0.36900958466453676
1 0.036758893280632414 0.755591054313099 0.07351778656126483 0.48881789137380194
1 0.16877470355731225 0.7052715654952076 0.28221343873517785 0.5894568690095847