1 0.9691164972634871 0.7722222222222223 0.0617670054730258 0.36984126984126986
1 0.8565285379202502 0.773015873015873 0.09147771696637999 0.3968253968253968
1 0.7068021892103206 0.719047619047619 0.017200938232994525 0.1619047619047619
1 0.7283033620015638 0.7309523809523809 0.044566067240031274 0.21746031746031746
1 0.6407349491790462 0.7253968253968254 0.02580140734949179 0.19047619047619047
1 0.5973416731821736 0.7746031746031746 0.08444096950742767 0.4444444444444444
1 0.5160281469898358 0.7642857142857142 0.10320562939796717 0.4714285714285714
1 0.2701329163408913 0.7841269841269841 0.058639562157935886 0.28253968253968254
0 0.21892103205629398 0.7071428571428572 0.039093041438623924 0.07142857142857142
1 0.1821735731039875 0.773015873015873 0.07036747458952307 0.4253968253968254
2 0.28850664581704455 0.33650793650793653 0.07193119624706802 0.13968253968253969