2 0.2456828885400314 0.3251582278481013 0.0565149136577708 0.13291139240506328
1 0.017660910518053376 0.7587025316455697 0.03532182103610675 0.4161392405063291
1 0.2445054945054945 0.7507911392405063 0.06828885400313972 0.4161392405063291
1 0.315541601255887 0.7531645569620253 0.06279434850863422 0.3037974683544304
1 0.945054945054945 0.7365506329113924 0.06907378335949764 0.2610759493670886
1 0.8453689167974883 0.7602848101265823 0.06279434850863422 0.1819620253164557
1 0.6785714285714286 0.7064873417721519 0.033751962323390894 0.15348101265822786
0 0.5671114599686028 0.6004746835443038 0.027472527472527472 0.05221518987341772
1 0.5678963893249608 0.6724683544303798 0.041601255886970175 0.15822784810126583
1 0.6138147566718996 0.7895569620253164 0.07692307692307693 0.33544303797468356
1 0.5474882260596546 0.7919303797468354 0.10596546310832025 0.39082278481012656
1 0.4262166405023548 0.7832278481012658 0.12558869701726844 0.43354430379746833