2 0.5515625 0.15416666666666667 0.022395833333333334 0.03518518518518519
2 0.6744791666666666 0.26666666666666666 0.0375 0.05555555555555555
0 0.3703125 0.28888888888888886 0.0125 0.016666666666666666
0 0.4153645833333333 0.4060185185185185 0.0140625 0.021296296296296296
0 0.6518229166666667 0.46111111111111114 0.018229166666666668 0.02962962962962963
0 0.0875 0.8203703703703704 0.025 0.044444444444444446
1 0.07395833333333333 0.8439814814814814 0.071875 0.31203703703703706
1 0.19322916666666667 0.8564814814814815 0.059895833333333336 0.28703703703703703
1 0.43828125 0.5708333333333333 0.046875 0.22777777777777777
1 0.6697916666666667 0.5087962962962963 0.051041666666666666 0.20925925925925926
1 0.396875 0.39166666666666666 0.03333333333333333 0.18518518518518517
1 0.346875 0.275 0.023958333333333335 0.125
1 0.3614583333333333 0.26851851851851855 0.014583333333333334 0.07222222222222222
1 0.42734375 0.2671296296296296 0.025 0.10185185185185185
1 0.503125 0.28888888888888886 0.027083333333333334 0.10462962962962963
1 0.48515625 0.2962962962962963 0.01875 0.10277777777777777
1 0.49921875 0.2671296296296296 0.022395833333333334 0.0962962962962963
1 0.5247395833333334 0.23703703703703705 0.009375 0.07592592592592592
1 0.5161458333333333 0.23935185185185184 0.008854166666666666 0.0787037037037037
1 0.5083333333333333 0.2125 0.019791666666666666 0.075
1 0.48984375 0.23472222222222222 0.011979166666666667 0.06111111111111111
1 0.48489583333333336 0.21898148148148147 0.009375 0.06944444444444445
1 0.47213541666666664 0.2375 0.0109375 0.0787037037037037
1 0.4609375 0.2310185185185185 0.016666666666666666 0.08611111111111111